48
0.0608812 88.8547 
0.0603920 84.5292 
0.0826487 75.3282 
0.118950 52.3219 
0.117987 50.6093 
0.151189 42.8960 
0.187371 40.8406 
0.182857 36.9601 
0.178421 35.1588 
0.212208 32.6449 
0.234335 30.5555 
0.238280 28.8300 
0.265249 28.6024 
0.276381 29.5738 
0.285581 31.6111 
0.290492 26.9945 
0.285808 25.2562 
0.372007 27.2441 
0.449836 24.8805 
0.424808 21.7775 
0.641623 21.2728 
0.544318 18.7678 
0.567211 18.9273 
0.596137 17.5661 
0.653024 15.5120 
0.783347 13.2544 
0.931274 13.9410 
0.939345 12.5134 
0.909272 11.0452 
0.955359 11.1393 
1.05500 10.3401 
1.17396 11.4291 
1.36247 9.92830 
1.30799 8.83628 
1.46812 8.69421 
1.46769 9.44780 
1.74567 8.69965 
1.88003 8.84786 
1.85081 7.01020 
2.05956 7.68439 
2.29307 7.25282 
2.44986 6.90160 
2.21992 6.19247 
2.75021 6.51419 
2.93791 6.40831 
3.92344 5.29864 
4.78272 5.08657 
5.88002 4.53114 
