2.094400000000000081e-02 1.747472935978636732e+00
4.188800000000000162e-02 1.805107392764264018e+00
6.283199999999999896e-02 1.855617882038982813e+00
8.377600000000000324e-02 1.898805061045683473e+00
1.047199999999999936e-01 1.934498488922306914e+00
1.256639999999999979e-01 1.962557299357206020e+00
1.466079999999999883e-01 1.982870756526720291e+00
1.675520000000000065e-01 1.995358692120925648e+00
1.884959999999999969e-01 1.999971821732806632e+00
2.094399999999999873e-01 1.996691939362204904e+00
2.303830000000000044e-01 1.985532709649875605e+00
2.513270000000000226e-01 1.966537107857532884e+00
2.722709999999999853e-01 1.939780446240423117e+00
2.932150000000000034e-01 1.905368321611691451e+00
3.141590000000000216e-01 1.863436543540795798e+00
3.351029999999999842e-01 1.814150598372675560e+00
3.560470000000000024e-01 1.757704996125698305e+00
3.769910000000000205e-01 1.694322502845891254e+00
3.979349999999999832e-01 1.624253261447019980e+00
4.188790000000000013e-01 1.547773804506172191e+00
4.398230000000000195e-01 1.465185962910906747e+00
4.607669999999999821e-01 1.376815674665066602e+00
4.817110000000000003e-01 1.283011698554371360e+00
5.026549999999999629e-01 1.184144237748387063e+00
5.235990000000000366e-01 1.080603478770911563e+00
5.445429999999999993e-01 9.727980516048312376e-01
5.654869999999999619e-01 8.611534170087182805e-01
5.864310000000000356e-01 7.461101874097424425e-01
6.073749999999999982e-01 6.281223879995911918e-01
6.283189999999999609e-01 5.076556648960788287e-01
6.492620000000000058e-01 3.851913351130102914e-01
6.702059999999999684e-01 2.612010205058977741e-01
6.911500000000000421e-01 1.361798599827145073e-01
7.120940000000000047e-01 1.062125725412889875e-02
7.330379999999999674e-01 -1.149792629204251376e-01
7.539820000000000411e-01 -2.401260103517312838e-01
7.749260000000000037e-01 -3.643250856926527614e-01
7.958699999999999664e-01 -4.870863296423292299e-01
8.168140000000000400e-01 -6.079252573900514323e-01
8.377580000000000027e-01 -7.263649706644028647e-01
8.587019999999999653e-01 -8.419380398416675959e-01
8.796460000000000390e-01 -9.541883486856297392e-01
9.005900000000000016e-01 -1.062672894438391191e+00
9.215339999999999643e-01 -1.166963536158048376e+00
9.424780000000000380e-01 -1.266648684403284486e+00
9.634220000000000006e-01 -1.361334925596455081e+00
9.843659999999999632e-01 -1.450648574654504808e+00
1.005309999999999926e+00 -1.534237149760163677e+00
1.026254000000000000e+00 -1.611770763453148403e+00
1.047198000000000073e+00 -1.682943424551346823e+00
1.068141999999999925e+00 -1.747474245763862566e+00
1.089085000000000081e+00 -1.805105968765286395e+00
1.110028999999999932e+00 -1.855616648274189595e+00
1.130973000000000006e+00 -1.898804022384203982e+00
1.151917000000000080e+00 -1.934497649463282842e+00
1.172860999999999931e+00 -1.962556662413613484e+00
1.193805000000000005e+00 -1.982870324612297175e+00
1.214749000000000079e+00 -1.995358466940248432e+00
1.235692999999999930e+00 -1.999971804174564882e+00
1.256637000000000004e+00 -1.996692129495692969e+00
1.277581000000000078e+00 -1.985532386341764211e+00
1.298524999999999929e+00 -1.966536617326519076e+00
1.319469000000000003e+00 -1.939779790422417216e+00
1.340413000000000077e+00 -1.905367503094919757e+00
1.361356999999999928e+00 -1.863435565555585649e+00
1.382301000000000002e+00 -1.814149464778705090e+00
1.403245000000000076e+00 -1.757703711396766177e+00
1.424188999999999927e+00 -1.694321072052260124e+00
1.445133000000000001e+00 -1.624251690235404499e+00
1.466077000000000075e+00 -1.547772099077455055e+00
1.487020999999999926e+00 -1.465184129995668716e+00
1.507964000000000082e+00 -1.376818073439328050e+00
1.528907999999999934e+00 -1.283014235550080206e+00
1.549852000000000007e+00 -1.184146902953132630e+00
1.570796000000000081e+00 -1.080606261666299917e+00
1.591739999999999933e+00 -9.728009412079950957e-01
1.612684000000000006e+00 -8.611564019156590088e-01
1.633628000000000080e+00 -7.461132558403419379e-01
1.654571999999999932e+00 -6.281255278440999179e-01
1.675516000000000005e+00 -5.076588637629061429e-01
1.696460000000000079e+00 -3.851886927066878186e-01
1.717403999999999931e+00 -2.611983507490549528e-01
1.738348000000000004e+00 -1.361771734117093735e-01
1.759292000000000078e+00 -1.061856447167852831e-02
1.780235999999999930e+00 1.149819512870871724e-01
1.801180000000000003e+00 2.401286836928012147e-01
1.822124000000000077e+00 3.643277334576254245e-01
1.843067999999999929e+00 4.870889413816378855e-01
1.864012000000000002e+00 6.079278227963053061e-01
1.884956000000000076e+00 7.263674796130688005e-01
1.905899999999999928e+00 8.419404824310235957e-01
1.926843000000000083e+00 9.541854421623471305e-01
1.947786999999999935e+00 1.062670092723724258e+00
1.968731000000000009e+00 1.166960850309137321e+00
1.989675000000000082e+00 1.266646125019997626e+00
2.010619000000000156e+00 1.361332502779556641e+00
2.031562999999999786e+00 1.450646297965788367e+00
2.052506999999999859e+00 1.534235028184723459e+00
2.073450999999999933e+00 1.611768805363912760e+00
2.094395000000000007e+00 1.682941637676035329e+00
